16
5,95417
5,95418
5,95419
5,95420
5,95421
5,95322
5,95323
5,95324
5,95325
5,95326
5,95327
5,95328
5,95429
5,95330
5,02731
2,4101
2,4102
2,4103
2,4064
2,4105
2,4106
2,4567
2,4108
2,4109
2,41010
2,41011
2,41012
2,41013
2,40614
2,41015
2,41516
2,41017
2,41018
2,41019
2,41520
2,41021
2,41022
2,41023
2,41524
2,41025
2,41026
2,41027
2,41028
2,4101
2,4152
2,4103
2,2364
2,4175
2,4106
2,4107
2,2778
2,2769
2,27610
2,45611
2,41712
2,21113
2,45614
2,21115
2,41516
2,41017
2,41518
2,41519
2,35220
2,45621
2,41722
2,27623
2,41724
2,27625
2,41026
2,41527
2,21128
2,33629
2,41030
2,41531
2,2751
2,4102
2,4173
2,2754
2,4175
2,4156
2,4557
2,2768
2,4569
2,41510
2,21011
2,45512
2,41513
2,41514
2,41015
2,21016
2,45517
2,21118
2,41519
2,41020
2,45521
2,47622
2,45523
2,45524
2,30125
2,27526
2,41527
2,47628
2,41529
2,45530
2,4101
5,9552
2,4763
2,2774
2,4175
2,4556
2,4767
2,3018
2,4769
2,45510
5,95511
2,41012
2,45513
2,41014
2,47615
2,45516
2,4551718
2,27619
2,45520
2,45621
2,45522
2,79123
2,47624
2,45525
2,47626
2,45527
2,41028
2,45529
2,47630
2,45531
2,4551
2,4172
2,4563
2,4564
2,4555
2,4556
2,4557
2,4558
3,5699
2,47610
2,45511
2,45512
2,47613
2,45514
2,27715
2,4101617
2,45518
2,47619
3,5692021
2,47622
2,47623
2,45524
2,4552526
2,456272829
2,47630
2,4551
2,4552
2,47634
2,4555
2,4556
2,4557
4,4858
2,2779
4,48510
4,48511
4,48512
2,47613
2,45514
2,27615
3,0881617
4,48518
2,47619
2,4552021222324252627
2,2762829
2,2103031
2,45512
2,4563
5,9554
2,4555
2,45567
4,4858
2,4559
2,47610
2,45611
2,21012131415
2,45616
2,45617
2,2101819202122
2,45623
2,27624
2,47625
2,41726
2,47627
2,456282930
2,45531
2,4761
2,47623456
2,4767
2,2118
2,45591011
2,45512
11,42413
2,4761415161718192021
2,21022
2,47623
2,455242526
2,47627
2,210282930
2,4761
2,410234
2,455567891011121314151617
2,4551819202122
2,455232425
2,45526
5,95527
2,4762829303112
2,4763
2,476456
2,476789
2,47610
2,476111213141516
2,4761718192021222324
2,476252627282930
2,4761
2,476234567
2,47689101112131415161718192021222324
2,47625262728
2,47629303112345678910111213141516171819202122232425262728293031